----------------------
Start address  = 	-503
Data length    = 	4503
Sample size    = 	2
Sample res     = 	-32768
Sample offset  = 	-4
Input range    = 	1000
Dc offset      = 	0
Segment count  = 	1
Segment number = 	1
Average count = 	0
Time stamp	    = 	447344097.77 microseconds
----------------------
0.005920
0.004822
0.005737
0.005005
0.005005
0.006531
0.005188
0.006531
0.006287
0.005554
0.004883
0.005066
0.005127
0.005371
0.007202
0.006592
0.005493
0.004944
0.006042
0.004822
0.005127
0.006470
0.006165
0.005676
0.006531
0.005493
0.006348
0.005371
0.004944
0.005310
0.006531
0.005066
0.005920
0.004639
0.005920
0.006714
0.004089
0.005737
0.005432
0.004211
0.006042
0.006287
0.005981
0.005310
0.005798
0.005554
0.004944
0.004822
0.005005
0.005188
0.005249
0.006531
0.006226
0.005981
0.007568
0.005859
0.005371
0.005737
0.005676
0.004944
0.004639
0.004517
0.004517
0.004822
0.005432
0.006287
0.006836
0.008423
0.004395
0.005188
0.005981
0.005127
0.005493
0.005554
0.006287
0.004761
0.005188
0.006592
0.006348
0.005676
0.005066
0.006042
0.006104
0.006287
0.005188
0.004700
0.005859
0.005798
0.006775
0.006958
0.006104
0.006348
0.006531
0.006470
0.005554
0.006165
0.006165
0.005554
0.005371
0.004028
0.005920
0.006592
0.006653
0.004700
0.005615
0.006165
0.005920
0.007019
0.005371
0.003906
0.005859
0.006226
0.006592
0.006836
0.005127
0.003967
0.005188
0.008179
0.006531
0.006775
0.006775
0.006592
0.007385
0.006592
0.007324
0.005920
0.004761
0.004822
0.006409
0.006714
0.006470
0.005920
0.005615
0.005737
0.004456
0.006836
0.004639
0.006897
0.005676
0.005798
0.006409
0.007141
0.007446
0.004639
0.005005
0.004883
0.006042
0.005920
0.006592
0.005920
0.004517
0.006409
0.005493
0.005615
0.005920
0.006592
0.005981
0.006104
0.005310
0.005432
0.005920
0.005249
0.005859
0.006531
0.006653
0.006409
0.006714
0.007080
0.005432
0.005981
0.006287
0.004944
0.004517
0.006287
0.005554
0.005798
0.006042
0.006165
0.007141
0.007935
0.006836
0.005859
0.006287
0.005981
0.006592
0.005676
0.007385
0.006287
0.005859
0.006287
0.007690
0.006042
0.006226
0.006714
0.005432
0.007507
0.006165
0.007141
0.006104
0.007263
0.005798
0.005676
0.007263
0.006470
0.005981
0.007080
0.006348
0.006775
0.006226
0.005432
0.007324
0.005920
0.005676
0.004944
0.005676
0.006042
0.004944
0.007568
0.006775
0.005188
0.006287
0.005554
0.006165
0.005859
0.006165
0.005981
0.006348
0.007324
0.006226
0.005432
0.004395
0.005920
0.006287
0.007019
0.007202
0.006531
0.005859
0.005615
0.006409
0.005859
0.006958
0.006165
0.006348
0.006165
0.004395
0.005371
0.007080
0.006714
0.004822
0.006042
0.006409
0.006531
0.006409
0.006409
0.004639
0.006592
0.007019
0.007690
0.008179
0.007202
0.005676
0.006775
0.007080
0.005798
0.005798
0.005981
0.007446
0.006409
0.006958
0.006409
0.006409
0.006714
0.005676
0.007446
0.007080
0.005737
0.007751
0.007935
0.007141
0.006897
0.005127
0.006348
0.007141
0.006714
0.007263
0.006531
0.006409
0.006287
0.007141
0.005310
0.007813
0.007568
0.005127
0.005066
0.005859
0.005615
0.005554
0.007996
0.007141
0.004944
0.005615
0.005554
0.007446
0.007568
0.006592
0.006470
0.005127
0.004150
0.005310
0.006042
0.005737
0.007324
0.006714
0.005859
0.006348
0.008118
0.007629
0.007324
0.006226
0.006958
0.006531
0.007874
0.007446
0.006226
0.005981
0.005493
0.006348
0.006042
0.006165
0.005493
0.005432
0.006409
0.006653
0.007446
0.006897
0.006409
0.005188
0.005188
0.006531
0.006531
0.005737
0.006592
0.005981
0.007202
0.007507
0.007324
0.006104
0.008057
0.006836
0.006775
0.007507
0.006470
0.007019
0.005981
0.006836
0.008789
0.005493
0.007385
0.005493
0.005371
0.005432
0.006775
0.005005
0.006592
0.006226
0.006531
0.006897
0.007202
0.006958
0.007263
0.005005
0.007019
0.005310
0.007874
0.008484
0.007629
0.007080
0.006287
0.007446
0.004761
0.005371
0.006958
0.005737
0.006409
0.005249
0.005493
0.006714
0.006348
0.007019
0.006042
0.006897
0.007080
0.007019
0.006042
0.007141
0.005676
0.007263
0.005371
0.006042
0.006714
0.006653
0.006592
0.006775
0.007263
0.006165
0.006897
0.006470
0.007446
0.006836
0.005249
0.005493
0.007019
0.006897
0.005798
0.006165
0.005005
0.004456
0.006714
0.005615
0.006409
0.007385
0.008362
0.007446
0.007446
0.006287
0.006409
0.006470
0.006042
0.006958
0.007874
0.006592
0.007385
0.006409
0.005615
0.005798
0.006531
0.005859
0.005493
0.006409
0.008179
0.005676
0.007019
0.005676
0.006287
0.007202
0.007446
0.006104
0.006531
0.007202
0.006775
0.007629
0.006287
0.006775
0.007446
0.008179
0.004944
0.006042
0.006958
0.005432
0.005249
0.007080
0.006409
0.006836
0.007141
0.007263
0.007996
0.007263
0.008179
0.006836
0.005798
0.006470
0.008179
0.006714
0.008362
0.006714
0.006287
0.006165
0.006226
0.007202
0.007141
0.007690
0.006226
0.006714
0.007385
0.006958
0.004761
0.006958
0.007324
0.008179
0.006897
0.007324
0.006348
0.006409
0.007263
0.007263
0.005249
0.006226
0.007935
0.005493
0.006470
0.006104
0.005798
0.007141
0.008240
0.006531
0.006348
0.006470
0.007202
0.006897
0.005798
0.006165
0.007324
0.007019
0.007690
0.007446
0.005798
0.007263
0.005493
0.007141
0.006470
0.007324
0.006409
0.007324
0.005798
0.006592
0.006226
0.008362
0.007874
0.005981
0.005493
0.006958
0.006470
0.006958
0.006531
0.006836
0.006470
0.006653
0.005859
0.006592
0.008545
0.006531
0.006775
0.007568
0.007324
0.009399
0.006348
0.007385
0.007690
0.007019
0.008240
0.006592
0.005798
0.006531
0.006714
0.006958
0.006714
0.006531
0.007080
0.006042
0.006531
0.007141
0.005493
0.006226
0.007629
0.006287
0.008057
0.007874
0.007019
0.007324
0.005493
0.006958
0.005981
0.006836
0.007507
0.006653
0.006165
0.007813
0.007629
0.006836
0.007202
0.007935
0.006592
0.007019
0.007507
0.007813
0.005981
0.007324
0.006897
0.007141
0.007080
0.006958
0.007385
0.006226
0.005737
0.006348
0.007874
0.006653
0.007751
0.008057
0.008179
0.007629
0.007996
0.006470
0.006897
0.005981
0.007446
0.008118
0.008179
0.007690
0.006836
0.007996
0.008179
0.007080
0.007019
0.006836
0.007080
0.006104
0.008240
0.008789
0.007629
0.006470
0.007629
0.006531
0.006348
0.006714
0.006531
0.006409
0.006897
0.007263
0.007996
0.007813
0.006897
0.006470
0.006531
0.006042
0.006348
0.006897
0.008545
0.008118
0.009216
0.007568
0.005493
0.007141
0.007813
0.006897
0.007141
0.005310
0.008850
0.009521
0.007385
0.006531
0.006836
0.007385
0.008057
0.007874
0.005432
0.008423
0.006714
0.008057
0.006470
0.006714
0.006470
0.007019
0.007507
0.005981
0.006409
0.007813
0.007690
0.007996
0.008911
0.007813
0.006409
0.005249
0.007324
0.007874
0.007874
0.008362
0.007507
0.007507
0.008240
0.007874
0.006653
0.006470
0.007629
0.007263
0.008850
0.007690
0.007202
0.007629
0.007019
0.007751
0.008606
0.009705
0.006714
0.007385
0.007263
0.007263
0.006042
0.006775
0.007874
0.008179
0.008179
0.006836
0.006409
0.007629
0.007080
0.006409
0.005615
0.005981
0.007385
0.007019
0.005981
0.006653
0.007507
0.006592
0.007935
0.006042
0.007568
0.007935
0.006653
0.006470
0.006897
0.007813
0.006836
0.007813
0.009705
0.006409
0.005432
0.006897
0.006958
0.006775
0.006592
0.007080
0.007690
0.007019
0.008850
0.006897
0.006592
0.007263
0.007568
0.008179
0.006775
0.007141
0.008179
0.007141
0.006470
0.005676
0.006714
0.006592
0.005859
0.007385
0.007629
0.006836
0.006165
0.007080
0.005920
0.006775
0.006531
0.007507
0.006348
0.007446
0.006836
0.007019
0.007446
0.006592
0.006165
0.006897
0.007446
0.007690
0.008911
0.007324
0.006348
0.005310
0.005920
0.005493
0.007141
0.006287
0.006836
0.007813
0.007813
0.007935
0.007690
0.009338
0.007141
0.007263
0.008179
0.006836
0.007019
0.007446
0.007263
0.007629
0.006958
0.006958
0.007629
0.007385
0.006165
0.006653
0.006470
0.007019
0.007813
0.007568
0.007446
0.007263
0.008362
0.006958
0.006409
0.006653
0.006653
0.006348
0.006653
0.007019
0.008057
0.008118
0.006531
0.006836
0.007019
0.007141
0.007751
0.007874
0.007690
0.007568
0.007263
0.008606
0.007019
0.006226
0.006836
0.006287
0.006836
0.007385
0.006531
0.006409
0.006531
0.007080
0.006836
0.007935
0.006958
0.008606
0.006531
0.007202
0.007080
0.007202
0.007019
0.006348
0.007751
0.009399
0.006409
0.008057
0.007080
0.007324
0.008240
0.007019
0.006104
0.008240
0.007874
0.008057
0.007019
0.007874
0.006531
0.007629
0.006104
0.005005
0.006531
0.006287
0.007202
0.007751
0.007202
0.008057
0.007080
0.007019
0.006409
0.008606
0.006775
0.006653
0.005615
0.006348
0.007813
0.006775
0.006348
0.006287
0.006714
0.006714
0.006348
0.007568
0.007690
0.007507
0.007568
0.007019
0.006592
0.008118
0.007874
0.006653
0.006775
0.007690
0.007141
0.006958
0.005676
0.007324
0.006775
0.005554
0.007263
0.006775
0.007385
0.006409
0.006104
0.007813
0.006836
0.006287
0.007446
0.006897
0.006104
0.008118
0.005554
0.007690
0.007813
0.007141
0.006653
0.005737
0.007385
0.007019
0.006775
0.007629
0.007629
0.007507
0.006836
0.006409
0.006226
0.007568
0.008118
0.006042
0.007080
0.007996
0.004883
0.006897
0.006897
0.006592
0.006897
0.006836
0.007385
0.008179
0.006836
0.007996
0.006897
0.006775
0.005554
0.007996
0.007141
0.007935
0.007019
0.005798
0.007080
0.008301
0.007385
0.007019
0.007141
0.008301
0.005798
0.007629
0.007446
0.006775
0.005859
0.007324
0.007324
0.005798
0.005859
0.006836
0.006836
0.011108
0.006958
0.007385
0.008179
0.005615
0.008545
0.006592
0.006653
0.007690
0.007141
0.007019
0.006531
0.005920
0.006653
0.005920
0.007263
0.007202
0.005615
0.006226
0.007629
0.006958
0.007080
0.006714
0.006714
0.007813
0.006836
0.008240
0.006958
0.006287
0.006042
0.007080
0.006775
0.005859
0.006042
0.006958
0.007446
0.006470
0.007629
0.005676
0.007568
0.006958
0.006470
0.006836
0.008606
0.005066
0.007813
0.006348
0.007507
0.007996
0.008911
0.006531
0.007080
0.005249
0.005005
0.007996
0.008484
0.006470
0.007996
0.007507
0.005432
0.005859
0.007019
0.005005
0.007202
0.007874
0.011414
0.006592
0.007385
0.006958
0.005737
0.005920
0.006592
0.007080
0.007141
0.007385
0.007202
0.007324
0.005676
0.005798
0.005615
0.006409
0.008484
0.007202
0.006470
0.007263
0.007324
0.007202
0.007141
0.006287
0.007385
0.007019
0.008789
0.006836
0.004761
0.007446
0.007690
0.006165
0.007141
0.006897
0.007324
0.005493
0.008240
0.006958
0.007690
0.007019
0.007019
0.007385
0.006592
0.007935
0.007690
0.005798
0.005798
0.005798
0.007324
0.006287
0.007141
0.007629
0.007629
0.007019
0.007324
0.008057
0.007263
0.005981
0.007080
0.007141
0.007568
0.007324
0.006470
0.007019
0.008545
0.006958
0.006958
0.007202
0.008728
0.007263
0.007263
0.006104
0.006409
0.006348
0.005493
0.007019
0.006470
0.006470
0.004761
0.006226
0.006653
0.007446
0.007935
0.006226
0.007202
0.005676
0.006470
0.008118
0.006531
0.007935
0.007141
0.007263
0.007690
0.006714
0.007629
0.007141
0.005920
0.006775
0.007446
0.005859
0.006287
0.005798
0.006592
0.006165
0.006226
0.007568
0.006897
0.007385
0.008362
0.006775
0.006653
0.007996
0.007507
0.006226
0.005066
0.006470
0.007080
0.007141
0.008118
0.006409
0.007629
0.007690
0.007568
0.008301
0.007141
0.007202
0.006226
0.006653
0.007263
0.004944
0.004761
0.007446
0.007996
0.006897
0.004578
0.006958
0.007202
0.007202
0.004333
0.007080
0.007385
0.006287
0.006470
0.005981
0.006348
0.006042
0.005737
0.007263
0.006104
0.008240
0.008362
0.005676
0.005554
0.008484
0.007019
0.007019
0.007385
0.006958
0.006104
0.005798
0.007874
0.007202
0.005493
0.006958
0.006714
0.008728
0.007080
0.008423
0.007080
0.007690
0.006714
0.008118
0.007874
0.007202
0.005432
0.006958
0.006165
0.006165
0.005066
0.006836
0.004578
0.006042
0.006287
0.007568
0.007324
0.007385
0.008606
0.006836
0.006897
0.007996
0.008362
0.008728
0.005676
0.006714
0.005798
0.007263
0.005798
0.007080
0.007507
0.008423
0.007935
0.006897
0.007202
0.007996
0.006470
0.006653
0.005859
0.005737
0.006409
0.007935
0.006470
0.007324
0.007202
0.007690
0.005798
0.006348
0.007019
0.006897
0.007324
0.007202
0.006714
0.005859
0.006836
0.006714
0.007629
0.007202
0.007690
0.006592
0.006531
0.007568
0.006287
0.006042
0.006897
0.007385
0.005432
0.008118
0.007751
0.005920
0.006348
0.006409
0.006836
0.006958
0.006226
0.005310
0.006226
0.007080
0.006958
0.008179
0.006287
0.006042
0.006531
0.006042
0.007019
0.006897
0.007751
0.008301
0.007080
0.007202
0.006897
0.007751
0.005554
0.007751
0.007324
0.008606
0.006836
0.007874
0.006226
0.007080
0.007385
0.006287
0.007751
0.007141
0.007385
0.005249
0.007202
0.007263
0.007202
0.007690
0.006958
0.006531
0.006226
0.006104
0.006836
0.006836
0.007874
0.006714
0.006042
0.006531
0.007324
0.007507
0.006775
0.007507
0.007935
0.006409
0.006714
0.005920
0.007507
0.005310
0.006714
0.006287
0.006104
0.007324
0.007202
0.006958
0.006836
0.007080
0.004639
0.006958
0.007385
0.006836
0.006348
0.007690
0.007324
0.006958
0.007080
0.005676
0.006775
0.006592
0.007568
0.006348
0.006470
0.005798
0.007080
0.007202
0.008240
0.006592
0.006531
0.005676
0.007690
0.007568
0.005493
0.007202
0.006531
0.006836
0.006592
0.005310
0.007202
0.007141
0.005676
0.006836
0.006470
0.005859
0.005615
0.006226
0.006836
0.006897
0.007202
0.005981
0.007935
0.006714
0.007263
0.006287
0.006714
0.006470
0.005737
0.007080
0.005676
0.007019
0.007019
0.006714
0.007568
0.005615
0.006470
0.004883
0.007385
0.006104
0.006714
0.006348
0.005859
0.005005
0.006470
0.007385
0.007813
0.006958
0.006470
0.006042
0.007568
0.005554
0.008240
0.006531
0.007935
0.006348
0.005493
0.005737
0.006409
0.005981
0.006592
0.005493
0.006104
0.006104
0.006531
0.006470
0.006409
0.006409
0.006531
0.005981
0.007446
0.007263
0.006287
0.005310
0.006042
0.006104
0.005676
0.005859
0.007141
0.007019
0.005676
0.006470
0.005066
0.005737
0.006409
0.007446
0.007568
0.008423
0.006042
0.005981
0.005493
0.007446
0.006775
0.007141
0.006042
0.005493
0.008057
0.006836
0.007629
0.007507
0.007751
0.005554
0.007080
0.007385
0.005920
0.005798
0.007141
0.006470
0.006531
0.005493
0.005432
0.006104
0.005371
0.005920
0.006104
0.005798
0.006897
0.006897
0.007385
0.007141
0.005615
0.006348
0.006042
0.005554
0.007080
0.007263
0.006775
0.007874
0.006897
0.004639
0.006836
0.007813
0.007446
0.007019
0.007813
0.007202
0.004883
0.006470
0.007446
0.005737
0.006958
0.007019
0.005737
0.007080
0.007263
0.007080
0.006042
0.005859
0.006531
0.005493
0.007141
0.005676
0.005432
0.004578
0.005554
0.007629
0.008423
0.005005
0.007141
0.007019
0.007996
0.006409
0.007751
0.005859
0.005493
0.006226
0.006470
0.007019
0.006226
0.006592
0.005737
0.006531
0.005493
0.007202
0.005066
0.007141
0.006287
0.004761
0.004761
0.005798
0.005310
0.006958
0.005310
0.007263
0.006836
0.006531
0.006226
0.005859
0.006042
0.006104
0.006165
0.006287
0.005493
0.006958
0.006042
0.006775
0.005981
0.007629
0.006836
0.007568
0.006775
0.005859
0.006958
0.006775
0.006348
0.006165
0.007080
0.006836
0.004883
0.005188
0.005920
0.005371
0.007813
0.005798
0.006836
0.006470
0.005310
0.005127
0.006470
0.005920
0.006409
0.007141
0.006775
0.005920
0.006592
0.005981
0.006042
0.006409
0.005920
0.005371
0.005188
0.005432
0.006165
0.007446
0.006775
0.007629
0.006897
0.006165
0.006409
0.006287
0.006714
0.006165
0.006653
0.006165
0.005554
0.005554
0.005737
0.006287
0.005798
0.006531
0.005676
0.006470
0.006409
0.006287
0.008240
0.006348
0.005554
0.006226
0.006653
0.006897
0.007202
0.006042
0.006226
0.006897
0.007996
0.006104
0.006042
0.005371
0.007202
0.007874
0.007751
0.006653
0.006714
0.007446
0.006165
0.005493
0.008118
0.008423
0.006287
0.006592
0.006775
0.004578
0.005188
0.004761
0.005493
0.007263
0.006836
0.005737
0.005676
0.006470
0.006348
0.007202
0.007935
0.006836
0.007996
0.006226
0.005859
0.006226
0.004700
0.005066
0.006531
0.005981
0.006104
0.006042
0.007935
0.006531
0.006958
0.006409
0.006592
0.006592
0.006409
0.006165
0.006409
0.005310
0.005920
0.006897
0.006714
0.006470
0.006409
0.005493
0.005920
0.007141
0.007690
0.006409
0.006592
0.006409
0.007385
0.007019
0.005554
0.006226
0.006531
0.006470
0.005249
0.006104
0.006287
0.006165
0.006104
0.006042
0.006592
0.006470
0.006470
0.007324
0.007568
0.006226
0.005554
0.005981
0.007324
0.005066
0.006042
0.008362
0.005432
0.004944
0.004578
0.005676
0.005981
0.004517
0.005737
0.006226
0.006042
0.005432
0.005249
0.007935
0.004639
0.003845
0.006226
0.007080
0.006104
0.005188
0.004883
0.006653
0.006287
0.005371
0.005310
0.004333
0.003906
0.006897
0.005676
0.006592
0.005676
0.005859
0.005676
0.007019
0.006531
0.006165
0.006287
0.005676
0.005676
0.006287
0.007324
0.007690
0.007019
0.005920
0.007507
0.005066
0.005615
0.005432
0.005249
0.004944
0.007141
0.005676
0.006775
0.006409
0.006104
0.007263
0.006592
0.005920
0.006226
0.007141
0.007446
0.006836
0.005676
0.004944
0.006775
0.006409
0.007324
0.007324
0.006287
0.006226
0.007568
0.006348
0.005737
0.006958
0.006592
0.006531
0.005920
0.007141
0.006592
0.006958
0.006470
0.005005
0.005371
0.004272
0.007507
0.006592
0.005554
0.005371
0.005554
0.005432
0.005371
0.005737
0.005981
0.005676
0.007324
0.006897
0.006226
0.005066
0.005371
0.004883
0.005920
0.006470
0.006104
0.008423
0.007202
0.006897
0.005981
0.005005
0.005493
0.005493
0.006592
0.004883
0.006836
0.006897
0.005920
0.005493
0.006409
0.005005
0.006104
0.004944
0.006470
0.006897
0.006409
0.004761
0.006165
0.005493
0.006348
0.005737
0.006165
0.004639
0.006226
0.006287
0.005432
0.006348
0.005310
0.005798
0.005798
0.006042
0.005188
0.004517
0.004761
0.006897
0.005981
0.006226
0.005310
0.005188
0.006409
0.006104
0.005005
0.005981
0.006653
0.007202
0.006470
0.005676
0.005310
0.006714
0.005310
0.007507
0.004944
0.005554
0.006775
0.006897
0.005920
0.004883
0.005371
0.006165
0.005676
0.005188
0.005615
0.006470
0.006470
0.007202
0.005493
0.004700
0.005310
0.004395
0.004272
0.005981
0.006287
0.005371
0.004700
0.005798
0.007507
0.007202
0.005371
0.005188
0.007263
0.005859
0.005554
0.003296
0.005920
0.005676
0.005310
0.004822
0.005249
0.005859
0.005737
0.005127
0.005920
0.006470
0.005127
0.003906
0.007813
0.005066
0.006165
0.007141
0.003601
0.006104
0.005249
0.005981
0.004517
0.005737
0.006104
0.005493
0.005920
0.004639
0.006470
0.005676
0.004700
0.006958
0.006775
0.005981
0.006409
0.006531
0.005737
0.006592
0.005920
0.005737
0.006531
0.006287
0.005737
0.005737
0.005798
0.005737
0.006348
0.006104
0.005249
0.006592
0.007141
0.007446
0.007202
0.006226
0.005188
0.006714
0.006470
0.005615
0.004944
0.005188
0.005432
0.005920
0.004883
0.007202
0.006592
0.006287
0.005981
0.006104
0.006226
0.004578
0.005920
0.005493
0.005127
0.006287
0.005737
0.005066
0.004700
0.005005
0.005981
0.005920
0.006348
0.005432
0.005493
0.006104
0.006042
0.006042
0.005249
0.007019
0.006348
0.006409
0.005371
0.006348
0.004517
0.005920
0.006042
0.006409
0.007751
0.005432
0.006958
0.006470
0.005371
0.004761
0.007324
0.005127
0.006470
0.006470
0.006042
0.004822
0.007324
0.007202
0.004211
0.005920
0.006714
0.003601
0.005188
0.005066
0.004456
0.005737
0.006165
0.005493
0.006409
0.005798
0.005310
0.005920
0.005493
0.006653
0.004944
0.004822
0.005676
0.005920
0.006348
0.005554
0.006104
0.006226
0.006836
0.005554
0.005432
0.005859
0.006226
0.006592
0.006348
0.004578
0.005371
0.006165
0.005859
0.006775
0.006348
0.006958
0.005005
0.005981
0.004944
0.007080
0.005371
0.005859
0.006470
0.006348
0.005310
0.004333
0.005554
0.004822
0.005310
0.005432
0.004761
0.005005
0.005737
0.005615
0.005554
0.005615
0.005493
0.003662
0.004883
0.005249
0.004822
0.005432
0.005981
0.006348
0.004944
0.006226
0.005432
0.005920
0.005615
0.006470
0.006836
0.005981
0.005981
0.005005
0.004578
0.005554
0.005737
0.005005
0.005310
0.004944
0.005981
0.004700
0.005432
0.006409
0.006653
0.006104
0.006470
0.004944
0.006592
0.005493
0.006653
0.006042
0.005737
0.005493
0.005005
0.007629
0.006958
0.004700
0.005371
0.006958
0.006226
0.004639
0.006714
0.004883
0.006042
0.004822
0.007324
0.005920
0.006165
0.005859
0.005310
0.006592
0.005737
0.005249
0.005920
0.006531
0.005493
0.005310
0.005066
0.005310
0.006897
0.005859
0.006836
0.004944
0.006348
0.005920
0.005493
0.005005
0.005676
0.006104
0.005005
0.004944
0.004211
0.006287
0.005554
0.006287
0.006104
0.005554
0.005127
0.005066
0.006348
0.004456
0.006592
0.005005
0.005676
0.006470
0.005066
0.006409
0.005859
0.005981
0.006287
0.005981
0.004700
0.006714
0.005798
0.005249
0.006348
0.006042
0.006165
0.006287
0.005676
0.005859
0.005371
0.006531
0.005737
0.004883
0.004150
0.004822
0.006104
0.006287
0.006287
0.004333
0.003601
0.006409
0.004089
0.006226
0.005798
0.005066
0.005615
0.006714
0.005127
0.005371
0.005554
0.006348
0.005676
0.005615
0.005249
0.007141
0.005920
0.006287
0.004822
0.006042
0.005005
0.004028
0.005005
0.004883
0.005432
0.005310
0.005493
0.006470
0.006165
0.005005
0.005798
0.006653
0.005615
0.005066
0.005798
0.004517
0.006653
0.005737
0.006287
0.004761
0.003662
0.007019
0.004395
0.006042
0.006470
0.005310
0.004028
0.006226
0.006470
0.005859
0.003906
0.006653
0.005737
0.005554
0.005920
0.004150
0.005493
0.006775
0.004883
0.004883
0.006165
0.005249
0.005310
0.006226
0.005066
0.003784
0.004883
0.005798
0.005127
0.005920
0.004578
0.005798
0.005310
0.005371
0.005310
0.006042
0.005066
0.004211
0.005371
0.003784
0.005554
0.004150
0.003723
0.004089
0.004639
0.004211
0.004761
0.005493
0.005188
0.005554
0.006348
0.005493
0.004639
0.005798
0.005737
0.005371
0.006226
0.006470
0.004700
0.004578
0.006104
0.005188
0.006104
0.005615
0.005249
0.003967
0.004456
0.004700
0.005371
0.007263
0.006409
0.004822
0.006775
0.006348
0.005859
0.005920
0.006470
0.006042
0.006409
0.005188
0.005554
0.005249
0.005615
0.004028
0.003845
0.005737
0.006409
0.005676
0.006104
0.006165
0.005798
0.005615
0.005432
0.006165
0.005188
0.003967
0.005005
0.004700
0.004944
0.005127
0.005432
0.006653
0.006226
0.005981
0.004333
0.004822
0.004395
0.005310
0.003967
0.003662
0.006287
0.006042
0.005615
0.005493
0.006592
0.006470
0.003967
0.004456
0.004639
0.005676
0.005859
0.005981
0.004395
0.005249
0.005554
0.006409
0.005554
0.005798
0.005066
0.005371
0.004456
0.005432
0.003784
0.005737
0.005249
0.004883
0.004883
0.004395
0.004333
0.005493
0.005798
0.006042
0.005005
0.004944
0.003845
0.004578
0.005005
0.005005
0.005127
0.005676
0.004333
0.003967
0.005005
0.004578
0.004944
0.005188
0.005798
0.004822
0.006531
0.004822
0.005432
0.005798
0.005676
0.005432
0.004883
0.006287
0.003906
0.006226
0.005615
0.006470
0.005798
0.006775
0.005859
0.003723
0.005676
0.005188
0.004639
0.004883
0.003784
0.006226
0.005188
0.004822
0.005493
0.004089
0.004700
0.005005
0.005066
0.004028
0.005127
0.005005
0.005371
0.005676
0.004944
0.006592
0.005798
0.005493
0.005676
0.005981
0.005127
0.006104
0.005981
0.005615
0.005310
0.005005
0.005493
0.004211
0.004028
0.005066
0.006287
0.004944
0.004700
0.005981
0.005249
0.005188
0.005981
0.005615
0.003967
0.005493
0.004761
0.005554
0.006042
0.005798
0.005737
0.004639
0.005981
0.005859
0.005310
0.005249
0.005371
0.005371
0.005981
0.006531
0.005737
0.004944
0.006409
0.005249
0.005798
0.006470
0.006165
0.004578
0.005310
0.005798
0.004578
0.005066
0.005981
0.003540
0.005432
0.004822
0.005493
0.004517
0.005188
0.005249
0.005188
0.005371
0.006348
0.005310
0.004761
0.005615
0.006409
0.005676
0.006104
0.004883
0.004517
0.005981
0.006409
0.004944
0.004272
0.004578
0.006226
0.005493
0.005005
0.006592
0.007446
0.004639
0.004211
0.005188
0.005127
0.004639
0.005554
0.005127
0.004944
0.005737
0.004150
0.005066
0.004883
0.004944
0.004944
0.004883
0.005249
0.004822
0.005920
0.005005
0.006226
0.005859
0.005554
0.005493
0.006226
0.004822
0.005188
0.006653
0.005859
0.005920
0.004456
0.005005
0.004272
0.005432
0.004272
0.006348
0.005493
0.006287
0.006531
0.006409
0.005737
0.005371
0.006042
0.006165
0.006104
0.005188
0.005005
0.005188
0.005127
0.003601
0.003967
0.004700
0.004456
0.005798
0.004333
0.005676
0.004211
0.005493
0.004456
0.005432
0.004700
0.005249
0.005005
0.005005
0.005005
0.005676
0.006897
0.005737
0.004517
0.005615
0.005981
0.004395
0.003479
0.004395
0.004761
0.005188
0.005432
0.004211
0.004944
0.005005
0.005432
0.005554
0.006409
0.005371
0.005127
0.005737
0.004272
0.004395
0.005615
0.005066
0.005249
0.006165
0.005310
0.005981
0.004822
0.005127
0.005554
0.005188
0.005737
0.005798
0.005432
0.004333
0.004700
0.005249
0.006042
0.004395
0.006653
0.004944
0.004578
0.004333
0.005859
0.005310
0.005737
0.004761
0.005310
0.005066
0.005920
0.004150
0.005554
0.005676
0.004150
0.005310
0.004395
0.004761
0.004822
0.005310
0.005493
0.005554
0.005249
0.005676
0.004517
0.004089
0.006042
0.004456
0.004517
0.005127
0.006409
0.004944
0.004883
0.005432
0.005066
0.005127
0.005737
0.004211
0.004700
0.005493
0.004211
0.005249
0.004883
0.004272
0.004761
0.005310
0.004456
0.003784
0.004395
0.003967
0.004150
0.004639
0.005737
0.004395
0.005920
0.004761
0.004395
0.004272
0.005981
0.005432
0.004333
0.005798
0.005798
0.005249
0.004517
0.005005
0.006165
0.005432
0.005127
0.003479
0.004333
0.004761
0.004456
0.005432
0.006531
0.004272
0.005066
0.003540
0.005920
0.005615
0.006531
0.005615
0.005249
0.004578
0.004944
0.005005
0.004211
0.006226
0.005493
0.004578
0.004639
0.004639
0.005249
0.005249
0.004211
0.004456
0.005554
0.005310
0.004761
0.005066
0.005371
0.004700
0.004333
0.005066
0.003662
0.003479
0.004822
0.004272
0.004456
0.004944
0.005981
0.005615
0.005066
0.004517
0.005005
0.005005
0.005493
0.006592
0.006409
0.005920
0.004639
0.004578
0.006348
0.004944
0.004700
0.005981
0.005005
0.006042
0.005371
0.004761
0.006226
0.005798
0.004089
0.005737
0.005737
0.005432
0.004883
0.005432
0.005310
0.006470
0.003601
0.004456
0.003418
0.003967
0.005737
0.004761
0.003845
0.005371
0.005005
0.005310
0.005798
0.005066
0.004578
0.005981
0.004333
0.004517
0.003906
0.004517
0.004333
0.004700
0.004517
0.004883
0.004883
0.004395
0.004883
0.004028
0.004517
0.006165
0.005066
0.004517
0.002747
0.005493
0.004272
0.005371
0.004761
0.002075
0.003052
0.004639
0.003479
0.003296
0.004333
0.004456
0.006104
0.004883
0.004639
0.004395
0.005066
0.003479
0.004211
0.005432
0.004822
0.005737
0.005737
0.005066
0.004944
0.004700
0.005737
0.007507
0.005737
0.003601
0.003845
0.005554
0.005798
0.005737
0.004944
0.002808
0.004272
0.005676
0.004639
0.004944
0.004333
0.004639
0.004150
0.005676
0.005310
0.005432
0.005493
0.005249
0.004028
0.004822
0.004150
0.003784
0.004395
0.004517
0.006409
0.005493
0.005310
0.004883
0.004639
0.005615
0.003906
0.003174
0.005676
0.004944
0.003845
0.004578
0.004333
0.003906
0.003235
0.003784
0.005676
0.005310
0.004333
0.004761
0.004639
0.005493
0.005310
0.004883
0.005249
0.005554
0.004089
0.003967
0.004272
0.004333
0.003723
0.004211
0.003479
0.004395
0.004089
0.004517
0.005798
0.004761
0.003662
0.002747
0.005127
0.004578
0.005493
0.004700
0.004761
0.006897
0.006592
0.004883
0.004028
0.003723
0.003784
0.003784
0.004395
0.004639
0.004639
0.005981
0.005737
0.006348
0.004883
0.005371
0.006042
0.004578
0.004822
0.004639
0.004028
0.004761
0.005249
0.004395
0.004028
0.005493
0.005005
0.005981
0.005432
0.003906
0.004822
0.003662
0.004456
0.004822
0.004700
0.005493
0.005371
0.004028
0.005249
0.004456
0.006226
0.005310
0.004700
0.005066
0.004761
0.004761
0.004578
0.005188
0.003601
0.005310
0.004761
0.003418
0.005310
0.003235
0.003601
0.004456
0.005249
0.005249
0.004761
0.004028
0.006348
0.005920
0.005005
0.005249
0.005188
0.003540
0.004700
0.003906
0.004211
0.004333
0.004822
0.004822
0.004700
0.004639
0.005310
0.005554
0.005127
0.003540
0.003418
0.004456
0.005005
0.004761
0.003784
0.004333
0.004883
0.005127
0.004395
0.005737
0.004700
0.004883
0.004761
0.002991
0.004211
0.005066
0.004639
0.004089
0.005005
0.003540
0.003906
0.003113
0.004150
0.004700
0.002930
0.003479
0.004089
0.002502
0.004028
0.003967
0.005432
0.005249
0.004517
0.005554
0.005920
0.006409
0.005493
0.004822
0.004089
0.004211
0.005066
0.004700
0.005066
0.005554
0.003967
0.004578
0.005188
0.005188
0.004700
0.005554
0.005737
0.003418
0.004761
0.006714
0.004883
0.005188
0.004272
0.003845
0.005981
0.006592
0.004822
0.004761
0.003784
0.004944
0.004761
0.005005
0.004272
0.005249
0.004089
0.004395
0.004211
0.003418
0.005249
0.003113
0.003723
0.005371
0.004761
0.004395
0.004150
0.003723
0.005188
0.004028
0.005127
0.004822
0.004578
0.004761
0.005737
0.005676
0.006348
0.005249
0.004822
0.004517
0.004944
0.005249
0.004883
0.005859
0.005127
0.003662
0.004089
0.003296
0.004150
0.002441
0.004944
0.004028
0.004333
0.003113
0.004578
0.005005
0.002991
0.004456
0.005432
0.005066
0.004883
0.004578
0.003906
0.005371
0.004822
0.004700
0.003113
0.004517
0.003784
0.003296
0.004150
0.005737
0.004028
0.004517
0.003906
0.004822
0.004700
0.005066
0.004089
0.005859
0.004211
0.005371
0.004822
0.003479
0.004333
0.004761
0.005493
0.003540
0.004150
0.002869
0.004333
0.003723
0.004272
0.005859
0.004395
0.003967
0.003723
0.004272
0.004211
0.003906
0.006165
0.003723
0.004333
0.005554
0.004822
0.002136
0.002808
0.003601
0.004150
0.004700
0.003906
0.004028
0.005371
0.004639
0.003967
0.003906
0.002380
0.003235
0.004883
0.005920
0.003601
0.004639
0.003235
0.005066
0.003845
0.003601
0.004150
0.004517
0.003784
0.004456
0.004639
0.005676
0.005005
0.004150
0.005127
0.003845
0.005554
0.004272
0.004395
0.004395
0.004089
0.005493
0.002563
0.002625
0.005859
0.005005
0.004822
0.005188
0.003906
0.005127
0.005798
0.005127
0.006287
0.005615
0.004211
0.003784
0.004517
0.004395
0.005615
0.004333
0.002808
0.004150
0.003418
0.003906
0.005066
0.005066
0.004578
0.004456
0.005066
0.004456
0.005249
0.004028
0.004211
0.003845
0.005615
0.003723
0.005005
0.003601
0.004211
0.005676
0.004578
0.002686
0.003296
0.004578
0.004517
0.004272
0.004272
0.002991
0.003906
0.005127
0.004333
0.003967
0.004822
0.004333
0.004517
0.002930
0.003845
0.005066
0.003967
0.004517
0.004211
0.003601
0.002686
0.004639
0.003418
0.003174
0.004639
0.004272
0.006042
0.005188
0.004333
0.004700
0.004456
0.003052
0.002747
0.005676
0.004456
0.004272
0.004028
0.004578
0.004028
0.003418
0.003784
0.004272
0.003235
0.003479
0.004578
0.004028
0.004272
0.003845
0.003296
0.004456
0.005005
0.003113
0.004944
0.005432
0.006409
0.005554
0.002808
0.004028
0.003540
0.003784
0.003235
0.005920
0.004944
0.004395
0.004395
0.005737
0.005005
0.005249
0.004028
0.004395
0.004395
0.003723
0.003113
0.004517
0.005005
0.005554
0.005310
0.003845
0.003845
0.004639
0.002747
0.004333
0.004517
0.004089
0.003967
0.005310
0.005554
0.004028
0.003845
0.005493
0.004272
0.005127
0.004944
0.003601
0.004944
0.005066
0.004272
0.004211
0.004272
0.004089
0.003357
0.004272
0.002380
0.002991
0.005310
0.004761
0.003845
0.004395
0.004395
0.003662
0.004395
0.004578
0.005798
0.004639
0.004089
0.004333
0.005005
0.004517
0.003052
0.005493
0.004517
0.004883
0.003784
0.006409
0.003418
0.004089
0.004395
0.005676
0.004333
0.003845
0.004089
0.003052
0.004578
0.005859
0.004944
0.003662
0.004333
0.004211
0.004578
0.005005
0.004639
0.003235
0.004272
0.004028
0.005066
0.004028
0.003357
0.004578
0.004883
0.004822
0.003845
0.003174
0.002991
0.002502
0.005188
0.004089
0.004028
0.004700
0.003235
0.002319
0.003296
0.005920
0.004944
0.005005
0.004272
0.004211
0.005310
0.003540
0.003723
0.003601
0.004089
0.003967
0.004761
0.004395
0.004700
0.004761
0.004272
0.003296
0.005493
0.004517
0.004700
0.003418
0.003540
0.004456
0.003845
0.005127
0.003723
0.004700
0.004150
0.002197
0.003357
0.003662
0.004028
0.004150
0.003784
0.002625
0.003357
0.004456
0.004395
0.003418
0.004211
0.005249
0.004456
0.004639
0.004395
0.003784
0.003601
0.006409
0.003906
0.003601
0.003967
0.004639
0.003723
0.003296
0.004639
0.003662
0.004028
0.004578
0.004272
0.004150
0.005310
0.005066
0.003540
0.004333
0.004822
0.003967
0.003967
0.002869
0.004150
0.004639
0.003479
0.004578
0.004517
0.005859
0.004883
0.004456
0.004272
0.004089
0.003540
0.003540
0.003845
0.003235
0.002014
0.004700
0.004517
0.003967
0.003418
0.003845
0.004578
0.005737
0.003784
0.004639
0.002563
0.003845
0.004333
0.003906
0.004456
0.004211
0.004395
0.004578
0.004272
0.003235
0.004272
0.004578
0.004822
0.004211
0.004028
0.002991
0.003723
0.005371
0.002441
0.004395
0.003357
0.004272
0.005859
0.004700
0.002930
0.004272
0.004639
0.004578
0.004028
0.004211
0.003967
0.005127
0.004822
0.005066
0.003479
0.004517
0.003479
0.002930
0.003418
0.005005
0.003479
0.004028
0.003113
0.004822
0.002930
0.002075
0.003540
0.002808
0.004761
0.004333
0.002808
0.003418
0.003540
0.005432
0.005188
0.003540
0.005005
0.004883
0.003845
0.004333
0.003296
0.003174
0.004028
0.004578
0.004883
0.005127
0.003662
0.002380
0.003784
0.006104
0.004578
0.003479
0.004089
0.002930
0.004944
0.004395
0.004883
0.003418
0.004700
0.004639
0.003723
0.004517
0.004761
0.004822
0.004639
0.003601
0.005005
0.003601
0.003540
0.006226
0.003845
0.004333
0.004456
0.003357
0.003418
0.004578
0.004211
0.002808
0.003723
0.003540
0.004089
0.004578
0.004150
0.004456
0.004578
0.002991
0.003113
0.003784
0.004272
0.004517
0.003174
0.004150
0.004211
0.004028
0.003967
0.003235
0.003113
0.004456
0.005676
0.003357
0.005737
0.004333
0.004944
0.003662
0.003357
0.003174
0.003906
0.004211
0.005554
0.003784
0.004944
0.004578
0.002991
0.003784
0.005066
0.005981
0.005127
0.004639
0.003723
0.004944
0.003662
0.005737
0.004150
0.003479
0.004395
0.005432
0.003479
0.004700
0.005554
0.002625
0.004944
0.003052
0.004456
0.004272
0.005615
0.002808
0.004150
0.004944
0.005005
0.004700
0.004211
0.005188
0.004822
0.004456
0.003967
0.004028
0.002686
0.004456
0.003967
0.004028
0.002686
0.003906
0.002380
0.003418
0.003967
0.003235
0.002930
0.003357
0.004395
0.005005
0.004272
0.004395
0.003784
0.003845
0.005432
0.004211
0.003540
0.003296
0.004578
0.003418
0.003052
0.003113
0.004089
0.003662
0.004272
0.004150
0.003601
0.005615
0.004639
0.003357
0.003662
0.002686
0.004395
0.004761
0.004150
0.003235
0.003296
0.005676
0.003357
0.004761
0.003540
0.001099
0.004517
0.004944
0.002502
0.003296
0.003479
0.003357
0.004150
0.004761
0.005127
0.002319
0.002991
0.004272
0.005310
0.003967
0.003906
0.003540
0.003418
0.003845
0.004883
0.005066
0.003113
0.003723
0.003479
0.004272
0.004272
0.003967
0.003479
0.002747
0.003723
0.004761
0.004272
0.003296
0.003906
0.002991
0.005615
0.004883
0.004578
0.003967
0.004761
0.003784
0.002258
0.004395
0.002686
0.003845
0.003174
0.002625
0.004333
0.003418
0.004211
0.004395
0.002930
0.004883
0.003845
0.003906
0.004150
0.002808
0.002686
0.004883
0.003601
0.003540
0.003296
0.005249
0.003784
0.003357
0.004456
0.001709
0.002991
0.003662
0.003540
0.003296
0.002808
0.004761
0.003357
0.003845
0.002991
0.002869
0.003723
0.003357
0.004761
0.004089
0.002441
0.003784
0.003845
0.003113
0.004761
0.002991
0.002625
0.004089
0.003784
0.004333
0.003662
0.002747
0.003479
0.004700
0.002808
0.003723
0.004150
0.003845
0.002136
0.002869
0.003906
0.003235
0.005371
0.003662
0.002991
0.003906
0.004150
0.004639
0.003662
0.002380
0.003540
0.003601
0.003235
0.003479
0.003540
0.004639
0.003174
0.003723
0.003296
0.003052
0.004883
0.002380
0.003967
0.003479
0.003113
0.002563
0.005066
0.003662
0.001892
0.004089
0.002563
0.003906
0.004456
0.003296
0.004028
0.004089
0.004395
0.003906
0.004028
0.004395
0.003357
0.004578
0.002930
0.004883
0.003784
0.004700
0.003601
0.003357
0.004333
0.003662
0.003601
0.002686
0.002502
0.003052
0.002808
0.003052
0.004517
0.002747
0.002991
0.003174
0.003784
0.003479
0.003540
0.005249
0.003662
0.003601
0.002808
0.005127
0.003906
0.005188
0.003601
0.002808
0.004150
0.005493
0.003113
0.004150
0.004272
0.005249
0.002991
0.002502
0.003418
0.003052
0.002991
0.004639
0.002136
0.002930
0.003235
0.003784
0.003601
0.004883
0.003235
0.003784
0.003967
0.002136
0.001404
0.003357
0.003540
0.003418
0.002319
0.003174
0.004028
0.001709
0.002991
0.004639
0.004578
0.004150
0.003906
0.004150
0.003601
0.003418
0.002686
0.002991
0.005249
0.003906
0.003235
0.003967
0.003052
0.004639
0.002625
0.002747
0.004028
0.003357
0.004456
0.004578
0.003174
0.003296
0.005005
0.005066
0.004211
0.003845
0.003296
0.003601
0.003357
0.003967
0.003601
0.003540
0.002686
0.004211
0.002502
0.003662
0.003113
0.005554
0.004944
0.003601
0.003845
0.003845
0.003113
0.002625
0.002136
0.004822
0.004089
0.002747
0.004456
0.001587
0.001953
0.004211
0.003235
0.003479
0.004333
0.004883
0.002930
0.004333
0.004517
0.004272
0.002563
0.003235
0.002014
0.005127
0.003662
0.004944
0.003906
0.003601
0.003357
0.003723
0.003540
0.004578
0.003540
0.003662
0.003479
0.003174
0.004639
0.003113
0.004456
0.004272
0.004211
0.004517
0.002563
0.002686
0.003174
0.004822
0.003723
0.004333
0.004822
0.003967
0.003784
0.004761
0.003906
0.003479
0.003784
0.004333
0.006042
0.002747
0.003479
0.004456
0.003479
0.004211
0.002930
0.002563
0.002625
0.002136
0.003540
0.003418
0.002380
0.003662
0.002258
0.004761
0.003784
0.005127
0.005249
0.003235
0.002136
0.004395
0.006042
0.005066
0.005493
0.004395
0.002930
0.003662
0.003723
0.002747
0.002625
0.002563
0.003662
0.002136
0.002930
0.003357
0.004211
0.003296
0.004517
0.003174
0.002930
0.003113
0.003357
0.002808
0.002625
0.002686
0.001831
0.002625
0.003784
0.002625
0.001831
0.002747
0.002563
0.003601
0.002747
0.004089
0.004883
0.004700
0.003662
0.002258
0.004272
0.002869
0.000916
0.002136
0.002197
0.002380
0.002991
0.002380
0.004333
0.001221
0.003296
0.003662
0.002869
0.004883
0.003540
0.002502
0.004150
0.003479
0.004883
0.004272
0.002991
0.003296
0.002319
0.003357
0.003845
0.003479
0.003540
0.002930
0.004150
0.003906
0.003418
0.003723
0.003784
0.001343
0.004456
0.002075
0.002930
0.001953
0.002686
0.003845
0.003662
0.002075
0.003723
0.004150
0.003479
0.003113
0.002502
0.002869
0.003662
0.005188
0.002808
0.003723
0.003845
0.003967
0.003906
0.003723
0.002014
0.002625
0.002625
0.001892
0.002014
0.004639
0.003174
0.003540
0.003540
0.003357
0.003662
0.003723
0.003784
0.002686
0.004822
0.004089
0.001709
0.003418
0.003418
0.004883
0.003906
0.004700
0.003357
0.002502
0.003113
0.002991
0.003418
0.003113
0.002136
0.002319
0.002991
0.004211
0.004150
0.003784
0.003540
0.002869
0.004395
0.004761
0.003845
0.005127
0.003540
0.004639
0.002808
0.003723
0.006531
0.004028
0.003784
0.003052
0.002930
0.002563
0.002991
0.002625
0.004028
0.002380
0.001892
0.001770
0.003418
0.003967
0.002686
0.003113
0.002502
0.002747
0.002991
0.004517
0.003662
0.001038
0.002808
0.004089
0.003540
0.002197
0.003357
0.002808
0.003967
0.003723
0.003113
0.002441
0.002014
0.003479
0.003845
0.003479
0.002930
0.003479
0.003418
0.002686
0.002319
0.002808
0.004517
0.004028
0.002808
0.003479
0.002319
0.002930
0.003723
0.003113
0.003052
0.004089
0.003418
0.004395
0.004333
0.001892
0.002991
0.002319
0.003296
0.002441
0.004333
0.004028
0.003235
0.002625
0.003723
0.001831
0.002747
0.002686
0.002075
0.001892
0.002930
0.002075
0.003540
0.003418
0.002502
0.003113
0.003418
0.002625
0.003296
0.003357
0.004395
0.005188
0.003357
0.003784
0.003967
0.004944
0.003723
0.003357
0.002625
0.003723
0.003784
0.001465
0.001221
0.003174
0.002747
0.003113
0.001099
0.004333
0.002075
0.003723
0.003418
0.004395
0.004456
0.002991
0.003235
0.002258
0.003052
0.001648
0.002014
0.003418
0.002197
0.002686
0.002075
0.002075
0.003540
0.002197
0.002319
0.002747
0.002747
0.003540
0.002930
0.001770
0.003052
0.002930
0.002319
0.003113
0.002014
0.002014
0.002563
0.004028
0.002563
0.003723
0.002502
0.001892
0.005432
0.003540
0.003235
0.002136
0.003174
0.004883
0.002075
0.001953
0.003784
0.003540
0.003479
0.004211
0.003357
0.003174
0.004456
0.003662
0.003052
0.004089
0.004211
0.003906
0.003357
0.002869
0.002808
0.004333
0.002136
0.003357
0.003296
0.003235
0.003357
0.004272
0.003418
0.003540
0.003357
0.003418
0.002563
0.004517
0.002258
0.002258
0.004211
0.003357
0.004028
0.005859
0.003174
0.002563
0.004517
0.003723
0.003418
0.003296
0.002930
0.004883
0.005310
0.002075
0.004150
0.002563
0.002991
0.004578
0.004028
0.003113
0.004395
0.002441
0.003296
0.001404
0.003235
0.003296
0.003357
0.002502
0.003784
0.003479
0.003967
0.003906
0.003601
0.003784
0.002869
0.002441
0.002502
0.003601
0.003906
0.002869
0.003296
0.002441
0.003052
0.001892
0.003540
0.003418
0.003418
0.002808
0.003479
0.003418
0.003113
0.004456
0.002258
0.004272
0.002869
0.003540
0.003601
0.002136
0.002686
0.003235
0.003052
0.003174
0.003052
0.003601
0.002869
0.003479
0.003235
0.002808
0.002563
0.003418
0.001770
0.002075
0.003906
0.002930
0.002869
0.003784
0.003296
0.003174
0.002258
0.002136
0.002563
0.001587
0.002747
0.003296
0.002441
0.002991
0.002258
0.002991
0.002930
0.002869
0.003967
0.001343
0.002502
0.003418
0.003296
0.003906
0.002563
0.003418
0.002930
0.004089
0.003113
0.005127
0.003601
0.002625
0.002686
0.003235
0.002625
0.004700
0.003601
0.003479
0.003662
0.004272
0.002258
0.004578
0.003296
0.003052
0.003906
0.004089
0.003723
0.003357
0.003479
0.003113
0.002380
0.002625
0.002991
0.003418
0.003845
0.003845
0.001587
0.002563
0.002075
0.001892
0.002747
0.002930
0.003052
0.002563
0.003235
0.003418
0.003418
0.004089
0.003296
0.004578
0.003418
0.004639
0.003723
0.003235
0.001892
0.001282
0.002441
0.003174
0.003357
0.002747
0.001587
0.002014
0.002197
0.002380
0.003113
0.001831
0.002441
0.002686
0.003906
0.004272
0.003540
0.002869
0.003906
0.003357
0.001526
0.003906
0.002197
0.003845
0.003296
0.004883
0.003052
0.004700
0.003662
0.003174
0.002930
0.002625
0.001282
0.002686
0.001587
0.003723
0.002014
0.003662
0.004333
0.002930
0.002258
0.003845
0.003296
0.003540
0.002930
0.003052
0.002502
0.002380
0.003296
0.003052
0.003052
0.004211
0.003418
0.003540
0.004578
0.002441
0.004578
0.005249
0.003235
0.002441
0.003113
0.001709
0.002258
0.002930
0.002869
0.002563
0.002869
0.002808
0.003540
0.003357
0.003845
0.001709
0.002075
0.002747
0.004578
0.002747
0.003113
0.003845
0.004761
0.003235
0.002991
0.002808
0.002625
0.003296
0.002625
0.004883
